773
877
858
474
191
52
809
880
991
235
796
925
151
559
135
826
876
785
101
567
707
547
838
36
430
151
448
556
280
548
110
655
550
725
263
702
646
421
270
35
37
713
14
477
541
104
748
686
368
149
423
912
877
922
738
154
180
499
989
917
800
717
852
989
264
850
130
344
157
604
429
261
148
389
610
139
925
575
869
663
194
487
356
944
819
823
652
991
157
385
763
641
863
733
938
212
296
7
588
751
964
339
836
360
635
550
773
363
628
713
326
183
9
450
554
689
406
911
922
507
933
915
236
573
458
920
807
550
852
180
605
509
874
812
34
196
17
570
1000
788
809
165
630
996
611
942
921
557
832
143
392
790
905
578
94
533
826
987
999
129
332
678
317
310
640
520
469
434
687
504
494
109
236
85
488
847
123
406
103
52
727
35
823
608
285
137
547
709
915
374
89
901
860
575
973
566
17
128
502
896
64
282
578
637
571
683
599
35
442
582
405
26
451
847
206
36
142
10
810
109
841
585
437
171
909
518
77
985
801
503
170
561
343
456
622
801
803
580
756
157
568
680
447
730
131
929
101
84
882
785
131
571
893
200
640
948
268
613
481
726
78
448
842
611
201
45
315
715
244
908
938
772
128
349
323
589
55
994
949
24
646
432
714
674
818
992
214
464
319
943
571
213
270
903
518
106
793
393
623
744
596
760
565
396
782
232
814
450
120
852
583
232
152
629
352
213
214
457
633
570
589
499
290
704
589
580
955
436
977
491
668
755
100
504
158
706
43
237
988
169
445
760
692
146
340
452
188
344
90
635
947
484
891
442
633
181
382
387
950
968
100
345
295
343
675
917
330
729
176
788
332
528
458
548
702
258
667
167
442
219
203
473
896
284
608
149
851
995
202
677
953
608
673
677
466
13
833
312
991
515
697
190
541
365
119
812
846
241
593
185
442
996
903
467
200
183
467
312
481
268
251
925
852
743
692
218
273
401
130
624
468
100
241
117
908
472
718
288
772
939
556
149
36
922
239
492
551
41
802
572
477
200
211
781
908
971
527
65
221
363
546
124
648
296
355
674
414
723
275
822
145
452
93
78
595
122
330
598
69
940
380
191
711
872
424
377
165
778
634
376
945
822
627
588
285
492
679
531
650
888
455
974
387
67
91
834
381
959
747
351
941
338
854
88
584
10
729
224
950
12
133
170
968
590
117
438
137
89
171
95
488
293
509
991
799
941
868
40
140
891
173
523
654
873
894
140
626
421
564
697
672
445
171
913
528
722
565
110
288
390
147
335
343
226
38
162
960
977
384
258
507
669
882
214
874
788
947
79
350
771
495
930
866
366
359
305
580
944
238
804
319
382
468
92
778
733
156
991
691
888
411
74
262
638
982
161
279
85
926
274
410
895
511
973
191
304
36
405
869
593
874
356
18
259
568
259
674
379
869
48
574
326
852
707
825
823
36
854
688
648
530
72
379
376
168
536
36
328
862
247
122
263
125
495
861
592
402
535
493
363
716
375
285
684
98
947
157
696
402
683
318
23
997
818
441
640
383
253
3
724
154
145
290
552
931
564
98
618
831
440
937
769
735
104
551
246
289
637
404
592
88
758
373
265
696
364
363
762
443
943
366
941
160
603
616
894
159
876
985
911
768
13
783
935
658
549
84
117
49
309
246
24
256
758
629
880
273
645
994
603
656
735
377
60
732
316
424
242
813
347
971
827
319
635
407
277
115
568
134
206
799
345
501
538
721
328
91
216
49
83
770
999
670
76
958
29
373
522
436
594
917
268
588
90
582
162
797
195
972
792
596
735
630
425
185
99
760
966
574
725
518
346
530
618
315
521
629
39
513
554
263
264
318
822
16
103
763
666
59
120
750
41
881
298
517
529
563
195
635
42
879
564
828
830
177
541
550
888
696
880
343
533
779
361
902
792
518
536
352
721
453
894
216
669
735
912
843
212
843
671
559
474
589
879
167
31
737
357
799
821
288
368
331
478
322
486
291
278
118
998
241
203
93
277
923
334
318
620
742
991
233
678
512
686
457
33
474
644
65
625
307
1
517
27
80
157
501
737
349
413
262
732
933
561
354
943
595
882
571
761
352
754
874
802
728
466
29
718
659
905
916
745
774
686
666
721
88
173
149
288
938
710
442
807
270
500
46
757
422
460
100
25
615
863
14
846
778
880
699
228
456
407
163
322
436
346
640
170
314
273
865
438
800
567
971
857
33
33
353
378
611
266
506
504
27
736
923
902
100
924
678
793
222
281
671
836
734
397
795
73
