-15.33
-23.8
-48.37
1.4
-29.42
-8.83
-48.26

-22.88
3.09
-0.59
-34.81

-5.08
-37.12
-48.45
-11.17
-16.52
-27.38
-19.09
-2.59
-49.88
-27.63
-24.93
-9.18
-28.62
-42.12
4.82
2.21
5.85
-9.14
-34.69
-5.68
-30.07
-11.21
-6.55
-41.85
-37.01
-29.43
-33.04
-13.48
-37.61
-24.02
4.71
-22.71
1.49
-49.05
1.54
-29.52
-14.94
-39.71
-37.48
-35.99
-20.6
1.84
-31.55
-43.07
-40.12
-18.64
7.12
-26.76
-19.59
-0.61
-34.45
-19.79
-5.9
4.94
-39.36
1.47
2.1
-44.88
-38.94
-13.82
0.17
8.9
-2.6
-41.38
9.21
8.11
3.52
-49.94
-26.62
6.21
-25.31
9.93
-2.89
-6.73
-14.0
-36.84
-15.82
-35.84
-44.45
-17.93
-9.14
-20.69
-36.89
6.16
3.07
-49.87
-17.79
0.13
5.59
